michaelservilla@yucca ~/CS529 (master)> /home/michaelservilla/anaconda3/bin/python /home/michaelservilla/CS529/Project_2/make_sparse.py                                                                         (base) 
Train before split
[[1.0000e+00 0.0000e+00 0.0000e+00 ... 0.0000e+00 0.0000e+00 1.4000e+01]
 [2.0000e+00 0.0000e+00 0.0000e+00 ... 0.0000e+00 0.0000e+00 1.6000e+01]
 [3.0000e+00 0.0000e+00 0.0000e+00 ... 0.0000e+00 0.0000e+00 8.0000e+00]
 ...
 [1.1998e+04 0.0000e+00 0.0000e+00 ... 0.0000e+00 0.0000e+00 1.5000e+01]
 [1.1999e+04 0.0000e+00 0.0000e+00 ... 0.0000e+00 0.0000e+00 1.3000e+01]
 [1.2000e+04 0.0000e+00 0.0000e+00 ... 0.0000e+00 0.0000e+00 1.7000e+01]]
[1.0000e+00 2.0000e+00 3.0000e+00 ... 1.1998e+04 1.1999e+04 1.2000e+04]
(12000, 61190)
Train after split
[[1.1040e+04 0.0000e+00 0.0000e+00 ... 0.0000e+00 0.0000e+00 1.3000e+01]
 [1.1315e+04 0.0000e+00 0.0000e+00 ... 0.0000e+00 0.0000e+00 1.3000e+01]
 [7.4080e+03 0.0000e+00 0.0000e+00 ... 0.0000e+00 0.0000e+00 1.9000e+01]
 ...
 [6.4790e+03 0.0000e+00 0.0000e+00 ... 0.0000e+00 0.0000e+00 1.4000e+01]
 [1.0787e+04 0.0000e+00 1.0000e+00 ... 0.0000e+00 0.0000e+00 1.2000e+01]
 [6.0880e+03 0.0000e+00 0.0000e+00 ... 0.0000e+00 0.0000e+00 1.0000e+01]]
[11040. 11315.  7408. ...  6479. 10787.  6088.]
(9600, 61190)
Test after split
[[1.1629e+04 0.0000e+00 0.0000e+00 ... 0.0000e+00 0.0000e+00 5.0000e+00]
 [7.4450e+03 0.0000e+00 0.0000e+00 ... 0.0000e+00 0.0000e+00 8.0000e+00]
 [3.4340e+03 0.0000e+00 0.0000e+00 ... 0.0000e+00 0.0000e+00 1.0000e+01]
 ...
 [8.5430e+03 0.0000e+00 0.0000e+00 ... 0.0000e+00 0.0000e+00 5.0000e+00]
 [4.1340e+03 0.0000e+00 0.0000e+00 ... 0.0000e+00 0.0000e+00 4.0000e+00]
 [5.4800e+03 0.0000e+00 0.0000e+00 ... 0.0000e+00 0.0000e+00 6.0000e+00]]
[11629.  7445.  3434. ...  8543.  4134.  5480.]
(2400, 61190)
Training sparse matrix:
  (0, 0)        11040
  (0, 12)       6
  (0, 16)       1
  (0, 23)       2
  (0, 25)       2
  (0, 27)       1
  (0, 29)       7
  (0, 30)       2
  (0, 33)       6
  (0, 42)       3
  (0, 45)       1
  (0, 48)       1
  (0, 52)       1
  (0, 60)       2
  (0, 67)       3
  (0, 72)       2
  (0, 73)       4
  (0, 80)       1
  (0, 84)       1
  (0, 100)      2
  (0, 104)      1
  (0, 131)      2
  (0, 142)      1
  (0, 160)      1
  (0, 233)      2
  :     :
  (9599, 34350) 2
  (9599, 34351) 2
  (9599, 34352) 2
  (9599, 34353) 2
  (9599, 34354) 1
  (9599, 34356) 1
  (9599, 34357) 1
  (9599, 34360) 1
  (9599, 34361) 1
  (9599, 34363) 2
  (9599, 34364) 2
  (9599, 34365) 1
  (9599, 34366) 1
  (9599, 34367) 2
  (9599, 34368) 1
  (9599, 34370) 1
  (9599, 34371) 2
  (9599, 34397) 2
  (9599, 34918) 2
  (9599, 34981) 1
  (9599, 35084) 1
  (9599, 35156) 1
  (9599, 35157) 1
  (9599, 35158) 2
  (9599, 61189) 10
(9600, 61190)
Testing sparse matrix:
  (0, 0)        11629
  (0, 12)       1
  (0, 23)       1
  (0, 29)       8
  (0, 42)       5
  (0, 44)       1
  (0, 60)       6
  (0, 81)       2
  (0, 122)      1
  (0, 175)      1
  (0, 251)      3
  (0, 252)      1
  (0, 297)      1
  (0, 304)      1
  (0, 340)      1
  (0, 365)      1
  (0, 388)      1
  (0, 438)      2
  (0, 451)      1
  (0, 460)      1
  (0, 473)      2
  (0, 474)      1
  (0, 476)      2
  (0, 477)      1
  (0, 531)      2
  :     :
  (2399, 5008)  1
  (2399, 6119)  1
  (2399, 6357)  1
  (2399, 6848)  1
  (2399, 8639)  1
  (2399, 9000)  1
  (2399, 9331)  1
  (2399, 9709)  1
  (2399, 10882) 1
  (2399, 11838) 1
  (2399, 12537) 1
  (2399, 13709) 1
  (2399, 14100) 1
  (2399, 15079) 1
  (2399, 15457) 1
  (2399, 15512) 1
  (2399, 16503) 2
  (2399, 18298) 1
  (2399, 24299) 1
  (2399, 24300) 1
  (2399, 24301) 1
  (2399, 24302) 2
  (2399, 24303) 1
  (2399, 24304) 1
  (2399, 61189) 6
(2400, 61190)
